1 0.15492144177449169 0.5508317929759704 0.18819316081330867 0.5489833641404805 0.19651109057301294 0.7541589648798521 0.1590804066543438 0.7689463955637708
1 0.32959796672828096 0.6820702402957486 0.364949168207024 0.6746765249537893 0.3711876155268022 0.7153419593345656 0.38678373382624764 0.756007393715342 0.39094269870609977 0.8761552680221811 0.39926062846580407 0.9926062846580408 0.3243992606284658 0.9926062846580408 0.3202402957486137 0.8595194085027726 0.31296210720887246 0.8040665434380776 0.3243992606284658 0.7449168207024031
1 0.42837338262476893 0.5378927911275416 0.44604898336414045 0.5341959334565619 0.4481284658040665 0.6598890942698706 0.4273336414048059 0.6598890942698706
1 0.5167513863216265 0.5526802218114603 0.5406654343807763 0.5637707948243993 0.5427449168207024 0.7079482439926061 0.5188308687615526 0.7060998151571165
1 0.7818853974121995 0.5711645101663586 0.8047597042513863 0.5656192236598891 0.8068391866913125 0.6913123844731978 0.7860443622920518 0.6894639556377079
1 0.8078789279112754 0.6192236598890942 0.8453096118299445 0.6192236598890942 0.8494685767097966 0.8576709796672827 0.8068391866913125 0.8521256931608133
1 0.8068391866913125 0.5711645101663586 0.827634011090573 0.5711645101663586 0.830753234750462 0.6118299445471349 0.8089186691312384 0.6118299445471349
1 0.39926062846580407 0.5249537892791127 0.4138170055452865 0.5249537892791127 0.4158964879852125 0.609981515711645 0.40237985212569316 0.609981515711645
1 0.14738741762505517 0.520869316039204 0.14806625157449302 0.5305238433200977 0.14399324787786594 0.5401783706009916 0.14354069191157404 0.5490283539418109 0.15960642871493644 0.5474192660616619 0.16186920854639592 0.5405806425710288 0.1582487608160607 0.5313283872601723 0.15734364888347693 0.5188579561890176
1 0.121365449563271 0.5063875251178631 0.12951145695652516 0.5063875251178631 0.1292851789733792 0.5144329645186081 0.134715850568882 0.5224784039193529 0.13448957258573607 0.5369601948406937 0.12747495510821164 0.539373826660917 0.12362822939473048 0.5301215713500605 0.11842383578237366 0.5265011236197253 0.11932894771495746 0.517651140278906 0.1218180055295629 0.5144329645186081
1 0.12543845325989808 0.539373826660917 0.13811002031607122 0.5369601948406937 0.1383362982992172 0.5482238100017365 0.13267934872056847 0.5494306259118481 0.13086912485540086 0.5578783372826303 0.12951145695652516 0.5715555842638965 0.12838006704079544 0.5868419191253118 0.12566473124304403 0.598910078226429 0.12634356519248188 0.6097714214174346 0.12589100922618998 0.6214373085485146 0.121365449563271 0.5928759986758704 0.11932894771495746 0.57396921608412 0.12385450737787645 0.5554647054624068 0.12430706334416834 0.5381670107508054
