1 0.6805914972273567 0.20887245841035124 0.8073937153419593 0.20887245841035124 0.8073937153419593 0.5083179297597042 0.6805914972273567 0.5083179297597042
1 0.6288354898336413 0.29944547134935307 0.6935304990757855 0.29944547134935307 0.6935304990757855 0.48983364140480584 0.6288354898336413 0.48983364140480584
1 0.8410351201478743 0.2975970425138632 0.9134935304990759 0.2975970425138632 0.9134935304990759 0.5064695009242144 0.8410351201478743 0.5064695009242144
1 0.9212569316081329 0.5175600739371534 0.9833641404805915 0.5175600739371534 0.9833641404805915 0.7079482439926061 0.9212569316081329 0.7079482439926061
1 0.8746765249537893 0.5268022181146026 0.9367837338262477 0.5268022181146026 0.9367837338262477 0.7264325323475046 0.8746765249537893 0.7264325323475046
1 0.8099815157116451 0.5268022181146026 0.8746765249537892 0.5268022181146026 0.8746765249537892 0.7301293900184844 0.8099815157116451 0.7301293900184844
1 0.7245841035120147 0.532347504621072 0.7970425138632163 0.532347504621072 0.7970425138632163 0.7264325323475046 0.7245841035120147 0.7264325323475046
1 0.6391866913123845 0.5304990757855823 0.7142329020332718 0.5304990757855823 0.7142329020332718 0.7319778188539743 0.6391866913123845 0.7319778188539743
1 0.5822550831792975 0.5212569316081331 0.644362292051756 0.5212569316081331 0.644362292051756 0.711645101663586 0.5822550831792975 0.711645101663586
1 0.5486136783733826 0.512014787430684 0.5926062846580408 0.512014787430684 0.5926062846580408 0.7042513863216268 0.5486136783733826 0.7042513863216268
1 0.9238447319778189 0.789279112754159 1.0 0.789279112754159 1.0 0.9981515711645101 0.9238447319778189 0.9981515711645101
1 0.8617375231053604 0.8391866913123845 0.944547134935305 0.8391866913123845 0.944547134935305 0.9981515711645101 0.8617375231053604 0.9981515711645101
1 0.7426987060998153 0.7634011090573012 0.8591497227356747 0.7634011090573012 0.8591497227356747 0.9999999999999999 0.7426987060998153 0.9999999999999999
1 0.6521256931608133 0.844731977818854 0.7426987060998151 0.844731977818854 0.7426987060998151 1.0 0.6521256931608133 1.0
1 0.6728280961182995 0.756007393715342 0.765988909426987 0.756007393715342 0.765988909426987 0.8077634011090572 0.6728280961182995 0.8077634011090572
1 0.5563770794824399 0.7467652495378927 0.654713493530499 0.7467652495378927 0.654713493530499 1.0 0.5563770794824399 1.0
1 0.5175600739371534 0.811460258780037 0.5589648798521256 0.811460258780037 0.5589648798521256 1.0 0.5175600739371534 1.0
1 0.4735674676524953 0.7282809611829945 0.5537892791127541 0.7282809611829945 0.5537892791127541 0.9815157116451018 0.4735674676524953 0.9815157116451018
